# Table

## table.php

次の実行結果となるようにPHPプログラムを作成してください。

### 実行結果

```
> php table.php
1 2 3 4 5 6 7 8 9
2 4 6 8 10 12 14 16 18
3 6 9 12 15 18 21 24 27
4 8 12 16 20 24 28 32 36
5 10 15 20 25 30 35 40 45
6 12 18 24 30 36 42 48 54
7 14 21 28 35 42 49 56 63
8 16 24 32 40 48 56 64 72
9 18 27 36 45 54 63 72 81
```

---

## table2.php

次の実行結果となるようにPHPプログラムを作成してください。

### 実行結果

```
> php table2.php
81 72 63 54 45 36 27 18 9
72 64 56 48 40 32 24 16 8
63 56 49 42 35 28 21 14 7
54 48 42 36 30 24 18 12 6
45 40 35 30 25 20 15 10 5
36 32 28 24 20 16 12 8 4
27 24 21 18 15 12 9 6 3
18 16 14 12 10 8 6 4 2
9 8 7 6 5 4 3 2 1
```

---


## table3.php

次の実行結果となるようにPHPプログラムを作成してください。

### 実行結果

```
> php table3.php
1 * 3 * 5 * 7 * 9
2 * 6 * 10 * 14 * 18
3 * 9 * 15 * 21 * 27
4 * 12 * 20 * 28 * 36
5 * 15 * 25 * 35 * 45
6 * 18 * 30 * 42 * 54
7 * 21 * 35 * 49 * 63
8 * 24 * 40 * 56 * 72
9 * 27 * 45 * 63 * 81
```

---


## table4.php

次の実行結果となるようにPHPプログラムを作成してください。

### 実行結果

```
> php table4.php
1 * 3 * 5 * 7 * 9
* * * * * * * * *
3 * 9 * 15 * 21 * 27
* * * * * * * * *
5 * 15 * 25 * 35 * 45
* * * * * * * * *
7 * 21 * 35 * 49 * 63
* * * * * * * * *
9 * 27 * 45 * 63 * 81
```

---

## table5.php

次の実行結果となるようにPHPプログラムを作成してください。

### 実行結果

```
> php table5.php
1
2 4
3 6 9
4 8 12 16
5 10 15 20 25
6 12 18 24 30 36
7 14 21 28 35 42 49
8 16 24 32 40 48 56 64
9 18 27 36 45 54 63 72 81
```

---




